6
9
-7.502000
0.000000
      0.1000      0.0136      0.0200      0.0106      0.0200
      0.3162      0.0436      0.0200      0.0325      0.0200
      1.0000     -0.0196      0.0200     -0.0168      0.0200
      3.1623     -0.0121      0.0200      0.1118      0.0200
     10.0000     -0.1273      0.0200      0.1060      0.0200
     31.6228     -0.2315      0.0200      0.0306      0.0200
    100.0000     -0.2371      0.0200     -0.0164      0.0200
    316.2280     -0.1799      0.0200     -0.0529      0.0200
   1000.0000     -0.0502      0.0200      0.0036      0.0200
-4.497000
0.000000
      0.1000      0.0559      0.0200      0.0550      0.0200
      0.3162     -0.0192      0.0200     -0.0307      0.0200
      1.0000      0.0784      0.0200      0.0947      0.0200
      3.1623     -0.0278      0.0200      0.0927      0.0200
     10.0000     -0.1183      0.0200      0.0632      0.0200
     31.6228     -0.1405      0.0200      0.0453      0.0200
    100.0000     -0.1696      0.0200     -0.0124      0.0200
    316.2280     -0.1402      0.0200     -0.0442      0.0200
   1000.0000     -0.0629      0.0200     -0.0191      0.0200
-1.501000
0.000000
      0.1000      0.0279      0.0200      0.0279      0.0200
      0.3162      0.0314      0.0200      0.0266      0.0200
      1.0000      0.0200      0.0200      0.0282      0.0200
      3.1623     -0.0435      0.0200      0.0067      0.0200
     10.0000     -0.0327      0.0200      0.0370      0.0200
     31.6228     -0.0260      0.0200      0.0421      0.0200
    100.0000     -0.0514      0.0200      0.0062      0.0200
    316.2280     -0.0308      0.0200      0.0057      0.0200
   1000.0000     -0.0208      0.0200     -0.0034      0.0200
1.499000
0.000000
      0.1000     -0.0059      0.0200     -0.0057      0.0200
      0.3162      0.0026      0.0200      0.0077      0.0200
      1.0000     -0.0224      0.0200     -0.0300      0.0200
      3.1623      0.0360      0.0200     -0.0118      0.0200
     10.0000      0.0216      0.0200     -0.0449      0.0200
     31.6228      0.0351      0.0200     -0.0319      0.0200
    100.0000      0.0442      0.0200     -0.0135      0.0200
    316.2280     -0.0078      0.0200     -0.0443      0.0200
   1000.0000      0.0639      0.0200      0.0465      0.0200
4.504000
0.000000
      0.1000      0.0061      0.0200      0.0071      0.0200
      0.3162     -0.0231      0.0200     -0.0111      0.0200
      1.0000      0.0094      0.0200     -0.0061      0.0200
      3.1623      0.0072      0.0200     -0.1118      0.0200
     10.0000      0.1131      0.0200     -0.0664      0.0200
     31.6228      0.1490      0.0200     -0.0372      0.0200
    100.0000      0.1723      0.0200      0.0138      0.0200
    316.2280      0.1446      0.0200      0.0478      0.0200
   1000.0000      0.0758      0.0200      0.0318      0.0200
7.501000
0.000000
      0.1000     -0.0035      0.0200      0.0000      0.0200
      0.3162     -0.0107      0.0200      0.0012      0.0200
      1.0000     -0.0135      0.0200     -0.0154      0.0200
      3.1623      0.0503      0.0200     -0.0718      0.0200
     10.0000      0.1536      0.0200     -0.0770      0.0200
     31.6228      0.1865      0.0200     -0.0753      0.0200
    100.0000      0.2299      0.0200      0.0083      0.0200
    316.2280      0.1627      0.0200      0.0352      0.0200
   1000.0000      0.0996      0.0200      0.0457      0.0200
