nstation   = 6
nperiod    = 9

# 1
y(km) = -7.502000
z(km) = 0.000000
   period(s)  rhe(Ohm.m)  ere(Ohm.m)    phe(deg)    epe(deg)  rhh(Ohm.m)  erh(Ohm.m)    phh(deg)    eph(deg)       ReTzy    er-ReTzy       ImTzy    er-ImTzy
      0.1000     97.9079      4.0330     44.9652      1.1460     92.4761      3.9521   -136.1473      1.1460     -0.0035      0.0200     -0.0065      0.0200
      0.3162     95.7356      4.0659     43.9821      1.1460     98.0220      3.9952   -135.6117      1.1460     -0.0061      0.0200     -0.0172      0.0200
      1.0000    113.5921      4.3597     48.0838      1.1460     98.1391      4.0841   -134.3507      1.1460      0.0346      0.0200      0.0373      0.0200
      3.1623    107.8791      3.7708     56.8398      1.1460     81.0189      3.7322   -134.1158      1.1460     -0.0001      0.0200      0.1238      0.0200
     10.0000     66.4326      2.4818     61.3989      1.1460     88.2149      3.4694   -134.1205      1.1460     -0.1189      0.0200      0.1145      0.0200
     31.6228     34.8587      1.3799     57.1058      1.1460     91.8936      3.5672   -134.9811      1.1460     -0.2030      0.0200      0.0590      0.0200
    100.0000     31.7749      1.2121     40.4433      1.1460     87.3976      3.6146   -135.5974      1.1460     -0.2182      0.0200      0.0026      0.0200
    316.2280     49.6779      1.8945     33.5251      1.1460     90.1007      3.6190   -135.1005      1.1460     -0.1764      0.0200     -0.0494      0.0200
   1000.0000     66.4361      2.7019     35.2233      1.1460     89.6425      3.6197   -135.1143      1.1460     -0.1253      0.0200     -0.0716      0.0200

# 2
y(km) = -4.497000
z(km) = 0.000000
   period(s)  rhe(Ohm.m)  ere(Ohm.m)    phe(deg)    epe(deg)  rhh(Ohm.m)  erh(Ohm.m)    phh(deg)    eph(deg)       ReTzy    er-ReTzy       ImTzy    er-ImTzy
      0.1000    105.0888      4.0524     45.9371      1.1460     95.3323      3.9209   -135.8503      1.1460      0.0084      0.0200      0.0076      0.0200
      0.3162    105.0488      4.2070     44.7804      1.1460     94.2852      4.0799   -136.6472      1.1460      0.0075      0.0200     -0.0040      0.0200
      1.0000    117.7404      4.4150     51.5976      1.1460     96.9468      4.1435   -132.1383      1.1460      0.0317      0.0200      0.0480      0.0200
      3.1623     86.1802      3.2555     60.3157      1.1460     77.0125      3.3520   -129.3929      1.1460     -0.0298      0.0200      0.0906      0.0200
     10.0000     41.6963      1.9022     61.1313      1.1460     73.9119      2.7722   -129.8241      1.1460     -0.1456      0.0200      0.0359      0.0200
     31.6228     24.7061      1.0393     56.0363      1.1460     64.9928      2.6059   -132.4527      1.1460     -0.1658      0.0200      0.0201      0.0200
    100.0000     21.5460      0.9653     36.4428      1.1460     63.8684      2.4787   -132.8021      1.1460     -0.1901      0.0200     -0.0329      0.0200
    316.2280     40.7508      1.6157     30.8827      1.1460     56.0337      2.3908   -134.6134      1.1460     -0.1358      0.0200     -0.0398      0.0200
   1000.0000     49.4686      2.4406     30.9783      1.1460     47.9483      2.3415   -136.7486      1.1460     -0.1382      0.0200     -0.0945      0.0200

# 3
y(km) = -1.501000
z(km) = 0.000000
   period(s)  rhe(Ohm.m)  ere(Ohm.m)    phe(deg)    epe(deg)  rhh(Ohm.m)  erh(Ohm.m)    phh(deg)    eph(deg)       ReTzy    er-ReTzy       ImTzy    er-ImTzy
      0.1000     99.7308      4.0328     45.2401      1.1460     98.4915      3.9216   -135.3950      1.1460     -0.0027      0.0200     -0.0026      0.0200
      0.3162    118.8197      4.3114     46.0226      1.1460    111.5488      4.2119   -135.0145      1.1460      0.0242      0.0200      0.0194      0.0200
      1.0000    114.9735      4.4178     53.7751      1.1460    116.9817      4.2115   -126.9535      1.1460      0.0153      0.0200      0.0235      0.0200
      3.1623     82.2657      2.8895     64.3376      1.1460     62.8850      2.9749   -125.3426      1.1460      0.0089      0.0200      0.0591      0.0200
     10.0000     39.0404      1.5637     63.9789      1.1460     53.9506      2.0998   -124.8318      1.1460     -0.0474      0.0200      0.0223      0.0200
     31.6228     20.3712      0.8562     55.5859      1.1460     43.3095      1.7073   -127.4833      1.1460     -0.0693      0.0200     -0.0012      0.0200
    100.0000     17.4786      0.8279     34.4042      1.1460     36.5100      1.4542   -129.6501      1.1460     -0.0979      0.0200     -0.0403      0.0200
    316.2280     46.0735      1.4457     32.3842      1.1460     32.4030      1.3094   -131.6948      1.1460      0.0012      0.0200      0.0377      0.0200
   1000.0000     58.2413      2.2681     32.6740      1.1460     36.8480      1.2322   -130.6814      1.1460     -0.0295      0.0200     -0.0121      0.0200

# 4
y(km) = 1.499000
z(km) = 0.000000
   period(s)  rhe(Ohm.m)  ere(Ohm.m)    phe(deg)    epe(deg)  rhh(Ohm.m)  erh(Ohm.m)    phh(deg)    eph(deg)       ReTzy    er-ReTzy       ImTzy    er-ImTzy
      0.1000    111.6228      4.0475     46.6903      1.1460     87.8242      3.9083   -136.8630      1.1460      0.0215      0.0200      0.0217      0.0200
      0.3162    113.4742      4.3206     45.4740      1.1460    107.0799      4.2045   -135.5462      1.1460      0.0074      0.0200      0.0125      0.0200
      1.0000    106.7296      4.4242     52.8816      1.1460    109.5251      4.2063   -127.7677      1.1460     -0.0144      0.0200     -0.0220      0.0200
      3.1623     70.1342      2.8892     62.4038      1.1460     61.8949      2.9702   -125.5083      1.1460      0.0119      0.0200     -0.0360      0.0200
     10.0000     30.9365      1.5614     61.1316      1.1460     54.5540      2.0957   -124.6531      1.1460     -0.0060      0.0200     -0.0725      0.0200
     31.6228     19.4803      0.8549     55.0476      1.1460     48.6852      1.7027   -125.9681      1.1460      0.0364      0.0200     -0.0307      0.0200
    100.0000     19.8784      0.8268     36.0156      1.1460     35.2870      1.4493   -130.0147      1.1460      0.0519      0.0200     -0.0058      0.0200
    316.2280     33.9710      1.4442     28.5968      1.1460     31.7522      1.3046   -131.8928      1.1460      0.0379      0.0200      0.0013      0.0200
   1000.0000     60.5862      2.2664     33.1636      1.1460     26.8370      1.2276   -134.5728      1.1460      0.0497      0.0200      0.0323      0.0200

# 5
y(km) = 4.504000
z(km) = 0.000000
   period(s)  rhe(Ohm.m)  ere(Ohm.m)    phe(deg)    epe(deg)  rhh(Ohm.m)  erh(Ohm.m)    phh(deg)    eph(deg)       ReTzy    er-ReTzy       ImTzy    er-ImTzy
      0.1000    105.3997      4.0424     45.9323      1.1460    101.0474      3.9306   -135.0867      1.1460      0.0087      0.0200      0.0098      0.0200
      0.3162    100.1848      4.1986     44.1651      1.1460    112.3269      4.0840   -134.4341      1.1460     -0.0181      0.0200     -0.0061      0.0200
      1.0000     98.9362      4.4137     49.3789      1.1460     92.3142      4.1460   -132.7620      1.1460     -0.0417      0.0200     -0.0572      0.0200
      3.1623     87.5882      3.2601     60.4661      1.1460     74.0822      3.3561   -129.9177      1.1460      0.0570      0.0200     -0.0619      0.0200
     10.0000     47.2584      1.9044     62.6692      1.1460     65.7559      2.7798   -131.3521      1.1460      0.1135      0.0200     -0.0659      0.0200
     31.6228     26.8446      1.0412     57.0219      1.1460     65.9429      2.6145   -132.3299      1.1460      0.1605      0.0200     -0.0256      0.0200
    100.0000     24.9686      0.9674     38.2594      1.1460     68.9551      2.4877   -131.9146      1.1460      0.1729      0.0200      0.0144      0.0200
    316.2280     40.0087      1.6181     30.6547      1.1460     63.2195      2.4012   -133.1859      1.1460      0.1360      0.0200      0.0392      0.0200
   1000.0000     65.2361      2.4429     34.4260      1.1460     58.3700      2.3526   -134.3723      1.1460      0.1074      0.0200      0.0634      0.0200

# 6
y(km) = 7.501000
z(km) = 0.000000
   period(s)  rhe(Ohm.m)  ere(Ohm.m)    phe(deg)    epe(deg)  rhh(Ohm.m)  erh(Ohm.m)    phh(deg)    eph(deg)       ReTzy    er-ReTzy       ImTzy    er-ImTzy
      0.1000    103.3502      4.0481     45.6962      1.1460     91.1003      3.9384   -136.3877      1.1460      0.0017      0.0200      0.0052      0.0200
      0.3162    102.2655      4.0731     44.8454      1.1460    100.2385      3.9871   -135.3652      1.1460     -0.0064      0.0200      0.0055      0.0200
      1.0000     98.9233      4.3646     46.3758      1.1460    107.1954      4.0802   -133.2725      1.1460     -0.0473      0.0200     -0.0493      0.0200
      3.1623     94.7205      3.7749     55.2418      1.1460     87.2152      3.7284   -133.2012      1.1460      0.0293      0.0200     -0.0929      0.0200
     10.0000     67.4321      2.4789     61.6302      1.1460     88.5977      3.4696   -134.0874      1.1460      0.1497      0.0200     -0.0808      0.0200
     31.6228     33.2140      1.3795     56.4710      1.1460     91.4027      3.5663   -135.0364      1.1460      0.1956      0.0200     -0.0662      0.0200
    100.0000     31.4723      1.2132     40.3076      1.1460    102.0581      3.6128   -133.6677      1.1460      0.2364      0.0200      0.0148      0.0200
    316.2280     50.2386      1.8954     33.6658      1.1460    104.4142      3.6189   -133.2767      1.1460      0.1997      0.0200      0.0722      0.0200
   1000.0000     91.8203      2.7026     39.2521      1.1460     76.2397      3.6205   -137.1393      1.1460      0.1885      0.0200      0.1346      0.0200

