6
9
-7.502000
0.000000
      0.1000    105.9447      4.0330     45.9468      1.1460     98.7402      3.9521   -135.3318      1.1460
      0.3162    120.3523      4.0659     46.8293      1.1460    115.0238      3.9952   -133.6216      1.1460
      1.0000     88.5199      4.3597     44.9808      1.1460     95.1156      4.0841   -134.7400      1.1460
      3.1623    102.0620      3.7708     56.1501      1.1460     96.5518      3.7322   -131.9334      1.1460
     10.0000     63.8932      2.4818     60.9140      1.1460     84.9514      3.4694   -134.5895      1.1460
     31.6228     30.5825      1.3799     55.4774      1.1460     98.8468      3.5672   -134.0735      1.1460
    100.0000     29.1160      1.2121     39.3560      1.1460     81.7401      3.6146   -136.4301      1.1460
    316.2280     48.8804      1.8945     33.3237      1.1460     90.7462      3.6190   -135.0117      1.1460
   1000.0000     93.9173      2.7019     39.5305      1.1460     95.2161      3.6197   -134.3638      1.1460
-4.497000
0.000000
      0.1000    130.7464      4.0524     48.6553      1.1460    108.4808      3.9209   -134.2427      1.1460
      0.3162     92.8780      4.2070     43.2482      1.1460    117.5861      4.0799   -133.8993      1.1460
      1.0000    145.9700      4.4150     54.2717      1.1460    104.4101      4.1435   -131.2155      1.1460
      3.1623     87.0121      3.2555     60.4352      1.1460     73.0430      3.3520   -130.0514      1.1460
     10.0000     47.2799      1.9022     62.6950      1.1460     64.7240      2.7722   -131.4757      1.1460
     31.6228     27.7505      1.0393     57.4822      1.1460     59.0795      2.6059   -133.6396      1.1460
    100.0000     23.6803      0.9653     37.6180      1.1460     76.9453      2.4787   -130.4844      1.1460
    316.2280     39.9326      1.6157     30.6303      1.1460     56.4765      2.3908   -134.5155      1.1460
   1000.0000     69.9885      2.4406     35.2958      1.1460     62.7119      2.3415   -133.4087      1.1460
-1.501000
0.000000
      0.1000    114.7922      4.0328     46.9901      1.1460     96.3188      3.9216   -135.6725      1.1460
      0.3162    122.8146      4.3114     46.4341      1.1460    114.2785      4.2119   -134.7137      1.1460
      1.0000    117.4914      4.4178     54.0446      1.1460     98.1253      4.2115   -129.1405      1.1460
      3.1623     64.6336      2.8895     61.3362      1.1460     65.3616      2.9749   -124.8620      1.1460
     10.0000     41.7627      1.5637     64.8175      1.1460     46.0496      2.0998   -126.8020      1.1460
     31.6228     24.8735      0.8562     58.0704      1.1460     44.6448      1.7073   -127.1055      1.1460
    100.0000     21.6497      0.8279     37.0671      1.1460     35.7660      1.4542   -129.9063      1.1460
    316.2280     39.7574      1.4457     30.5496      1.1460     32.1490      1.3094   -131.7927      1.1460
   1000.0000     60.6283      2.2681     33.1738      1.1460     35.1076      1.2322   -131.2835      1.1460
1.499000
0.000000
      0.1000     98.3992      4.0475     45.1214      1.1460    100.3683      3.9083   -135.2018      1.1460
      0.3162    110.9795      4.3206     45.1974      1.1460    107.0446      4.2045   -135.5503      1.1460
      1.0000    102.8697      4.4242     52.4233      1.1460    121.7167      4.2063   -126.4545      1.1460
      3.1623     78.3883      2.8892     63.7882      1.1460     68.9518      2.9702   -124.1649      1.1460
     10.0000     35.1212      1.5614     62.7102      1.1460     55.8649      2.0957   -124.3577      1.1460
     31.6228     19.3683      0.8549     54.9759      1.1460     45.9705      1.7027   -126.6820      1.1460
    100.0000     19.1852      0.8268     35.5740      1.1460     35.4274      1.4493   -129.9653      1.1460
    316.2280     27.5287      1.4442     25.9804      1.1460     33.2700      1.3046   -131.3118      1.1460
   1000.0000     64.6854      2.2664     33.9782      1.1460     27.5644      1.2276   -134.2400      1.1460
4.504000
0.000000
      0.1000    104.1316      4.0424     45.7817      1.1460     88.4066      3.9306   -136.7495      1.1460
      0.3162     97.9155      4.1986     43.8801      1.1460    103.0900      4.0840   -135.5018      1.1460
      1.0000    125.1851      4.4137     52.3069      1.1460    110.7784      4.1460   -130.4933      1.1460
      3.1623     69.6167      3.2601     57.6088      1.1460    106.4611      3.3561   -125.4060      1.1460
     10.0000     47.1634      1.9044     62.6441      1.1460     65.3546      2.7798   -131.4283      1.1460
     31.6228     25.4585      1.0412     56.3623      1.1460     66.4995      2.6145   -132.2253      1.1460
    100.0000     24.9070      0.9674     38.2286      1.1460     61.7216      2.4877   -133.2935      1.1460
    316.2280     41.6341      1.6181     31.1501      1.1460     50.2398      2.4012   -136.0452      1.1460
   1000.0000     56.3955      2.4429     32.6141      1.1460     56.4835      2.3526   -134.7811      1.1460
7.501000
0.000000
      0.1000    100.9233      4.0481     45.4006      1.1460     83.4595      3.9384   -137.4777      1.1460
      0.3162    100.2923      4.0731     44.6029      1.1460    107.6994      3.9871   -134.4719      1.1460
      1.0000    115.6104      4.3646     48.3153      1.1460     93.9940      4.0802   -134.9077      1.1460
      3.1623    104.3711      3.7749     56.4490      1.1460     94.0735      3.7284   -132.2593      1.1460
     10.0000     68.6377      2.4789     61.8507      1.1460     82.4976      3.4696   -134.9750      1.1460
     31.6228     31.8512      1.3795     55.9497      1.1460     91.6843      3.5663   -134.9982      1.1460
    100.0000     30.5478      1.2132     39.9367      1.1460     85.4615      3.6128   -135.8760      1.1460
    316.2280     42.3715      1.8954     31.5467      1.1460     94.6483      3.6189   -134.4985      1.1460
   1000.0000     60.9783      2.7026     34.1592      1.1460     96.8913      3.6205   -134.1567      1.1460
